200 8062
400 24925
600 63822
800 104301
1000 157212
1200 254284
1400 282575
1600 518481
1800 494850
2000 656360
2200 784111
2400 1014771
2600 1161639
2800 1451510
3000 1497137
200 5208
400 23323
600 47727
800 87971
1000 160439
1200 191389
1400 262182
1600 310717
1800 511835
2000 616958
2200 751143
2400 832026
2600 1096827
2800 1183956
3000 1174413
200 5033
400 21807
600 40040
800 73736
1000 105212
1200 153796
1400 199970
1600 322811
1800 413656
2000 482310
2200 594898
2400 710969
2600 801790
2800 849521
3000 1109427
200 3495
400 16716
600 35984
800 64953
1000 104320
1200 120872
1400 214882
1600 224940
1800 284246
2000 413943
2200 530573
2400 632729
2600 685145
2800 650257
3000 799396
200 3113
400 14992
600 27372
800 53262
1000 81326
1200 103355
1400 164320
1600 256431
1800 262206
2000 329420
2200 399969
2400 466383
2600 667622
2800 733094
3000 864007
200 2478
400 10912
600 24324
800 46649
1000 64757
1200 96015
1400 136110
1600 174606
1800 199297
2000 275806
2200 320363
2400 436989
2600 512168
2800 585494
3000 622896
200 2290
400 10122
600 25916
800 43105
1000 63220
1200 97976
1400 121687
1600 160565
1800 199806
2000 275271
2200 340211
2400 355173
2600 448766
2800 502976
3000 581259
200 2150
400 7810
600 18528
800 37644
1000 59931
1200 79967
1400 124500
1600 129009
1800 164185
2000 230835
2200 288295
2400 280900
2600 374721
2800 463811
3000 477782
200 2002
400 6826
600 17008
800 31256
1000 47539
1200 77533
1400 94676
1600 141180
1800 136438
2000 193165
2200 238475
2400 291416
2600 335481
2800 366889
3000 473031
200 1580
400 6906
600 14041
800 29776
1000 44010
1200 55665
1400 69754
1600 111003
1800 126030
2000 156945
2200 207870
2400 241757
2600 306724
2800 297802
3000 333791
200 1222
400 5041
600 12252
800 20046
1000 32984
1200 43666
1400 62445
1600 84463
1800 115941
2000 125945
2200 159471
2400 217945
2600 220574
2800 234885
3000 283535
200 1039
400 4930
600 9759
800 15897
1000 27611
1200 45030
1400 55234
1600 68945
1800 90687
2000 104081
2200 135325
2400 166255
2600 189749
2800 241511
3000 283823
200 770
400 3665
600 9686
800 16272
1000 24777
1200 33395
1400 48666
1600 64204
1800 78497
2000 96215
2200 122526
2400 147326
2600 158905
2800 206933
3000 263542
200 731
400 3082
600 6792
800 10614
1000 21148
1200 27735
1400 37874
1600 50402
1800 63854
2000 80862
2200 98255
2400 106574
2600 122815
2800 151244
3000 186620
200 516
400 2705
600 5711
800 10045
1000 14751
1200 23755
1400 30359
1600 40229
1800 46458
2000 66160
2200 67655
2400 86772
2600 108034
2800 111208
3000 146151
200 383
400 1844
600 3871
800 8201
1000 11776
1200 16131
1400 23720
1600 27619
1800 46355
2000 48552
2200 59192
2400 61336
2600 80205
2800 93188
3000 101697
200 297
400 1379
600 3424
800 5852
1000 8783
1200 14496
1400 16939
1600 26017
1800 30202
2000 41527
2200 46988
2400 52593
2600 63476
2800 80849
3000 79724
200 220
400 1248
600 2817
800 5164
1000 8422
1200 10419
1400 14590
1600 20844
1800 25412
2000 33531
2200 38461
2400 41756
2600 60549
2800 60826
3000 71129
200 221
400 940
600 2290
800 4014
1000 7045
1200 10208
1400 12010
1600 17264
1800 19942
2000 27517
2200 34166
2400 37709
2600 45038
2800 51736
3000 63844
200 170
400 830
600 2260
800 3565
1000 5523
1200 8345
1400 12018
1600 13775
1800 17749
2000 23288
2200 27959
2400 33922
2600 40662
2800 46590
3000 50833
200 106
400 582
600 1334
800 2782
1000 4372
1200 6165
1400 8458
1600 11509
1800 15380
2000 19082
2200 23894
2400 23311
2600 26346
2800 37115
3000 37447
200 80
400 451
600 1076
800 2259
1000 3021
1200 4777
1400 7353
1600 8658
1800 10678
2000 14085
2200 17372
2400 20997
2600 25553
2800 26429
3000 31003
200 57
400 348
600 902
800 1601
1000 3178
1200 3996
1400 5495
1600 7831
1800 9520
2000 11508
2200 14338
2400 16900
2600 19277
2800 23153
3000 25180
200 43
400 255
600 724
800 1353
1000 2083
1200 3274
1400 4023
1600 6189
1800 7194
2000 9679
2200 11568
2400 13621
2600 16964
2800 17722
3000 20658
200 31
400 249
600 615
800 1193
1000 1902
1200 2978
1400 3821
1600 5381
1800 6122
2000 7987
2200 10244
2400 11746
2600 12811
2800 16634
3000 19104
200 26
400 200
600 494
800 932
1000 1446
1200 2418
1400 3158
1600 4059
1800 5621
2000 6720
2200 8475
2400 10591
2600 10924
2800 13547
3000 16040
200 20
400 167
600 439
800 845
1000 1460
1200 1949
1400 2988
1600 3543
1800 4686
2000 6373
2200 7381
2400 8271
2600 10581
2800 12729
3000 14010
200 14
400 137
600 376
800 709
1000 1247
1200 1785
1400 2654
1600 3434
1800 4561
2000 5715
2200 6367
2400 7249
2600 9352
2800 10599
3000 12809
200 10
400 103
600 314
800 672
1000 1103
1200 1561
1400 2153
1600 2920
1800 3741
2000 4339
2200 5411
2400 6855
2600 8720
2800 9651
3000 10266
200 7
400 94
600 278
800 504
1000 815
1200 1348
1400 1740
1600 2541
1800 3318
2000 4405
2200 4922
2400 6100
2600 7334
2800 8104
3000 10129
