50 280
100 1482
150 3128
200 5663
250 9012
300 11074
350 15492
400 22223
450 30413
500 34516
550 44847
600 53050
650 62919
700 74558
750 77469
800 93003
850 85362
900 110019
950 111916
1000 143866
50 474
100 1869
150 4406
200 8598
250 14452
300 19094
350 26094
400 29057
450 43073
500 54370
550 56136
600 74906
650 89974
700 115346
750 111546
800 139027
850 148912
900 160081
950 193546
1000 203865
50 575
100 2550
150 5511
200 10519
250 15360
300 22023
350 30179
400 42146
450 55597
500 60406
550 71597
600 101295
650 104941
700 132765
750 146499
800 166408
850 201054
900 199892
950 231502
1000 261763
50 636
100 2491
150 5815
200 11092
250 17796
300 27705
350 34458
400 47319
450 58254
500 80822
550 81294
600 103024
650 124991
700 134422
750 169910
800 183229
850 212476
900 225007
950 279094
1000 293603
50 701
100 2888
150 6437
200 12098
250 19062
300 29278
350 36433
400 47563
450 67218
500 80492
550 96407
600 114664
650 125153
700 148961
750 193473
800 201510
850 222575
900 268114
950 270619
1000 306760
50 685
100 3082
150 7028
200 13026
250 21696
300 28224
350 40226
400 48614
450 69632
500 88514
550 105760
600 109906
650 140606
700 163275
750 198590
800 236691
850 270367
900 260360
950 288375
1000 330395
50 759
100 3022
150 7274
200 13199
250 21731
300 31591
350 45716
400 51775
450 71232
500 86461
550 105390
600 130825
650 140717
700 159776
750 233278
800 234856
850 259968
900 304260
950 293452
1000 367412
50 738
100 3260
150 7255
200 13791
250 20760
300 30062
350 43047
400 60726
450 67575
500 84561
550 109328
600 134590
650 145851
700 181940
750 192834
800 219774
850 262751
900 283396
950 331551
1000 383786
50 677
100 3161
150 7225
200 13886
250 20793
300 32638
350 46137
400 58492
450 75911
500 94144
550 106986
600 125630
650 146532
700 192283
750 212483
800 232084
850 269323
900 313258
950 353201
1000 351819
50 666
100 3051
150 7678
200 13148
250 21716
300 31383
350 48731
400 58881
450 81238
500 86609
550 110914
600 139570
650 157870
700 183913
750 203540
800 232845
850 268749
900 308418
950 342947
1000 384433
50 648
100 2905
150 7619
200 13803
250 21049
300 31444
350 41997
400 60387
450 71718
500 99871
550 112469
600 133847
650 153062
700 192517
750 219416
800 238662
850 283809
900 333943
950 331036
1000 390497
50 653
100 2977
150 7446
200 13989
250 21308
300 31240
350 44732
400 56273
450 71065
500 89426
550 118911
600 147808
650 163176
700 181224
750 207707
800 246259
850 290646
900 301915
950 371648
1000 393249
50 643
100 2916
150 7447
200 14290
250 22490
300 32133
350 43507
400 54130
450 71201
500 84463
550 115678
600 131104
650 152142
700 179873
750 205404
800 249063
850 281156
900 324880
950 355567
1000 373698
50 615
100 2817
150 6690
200 12456
250 21586
300 31813
350 44283
400 58929
450 68437
500 89964
550 112682
600 129777
650 146187
700 189580
750 211667
800 224503
850 277877
900 293091
950 350449
1000 380102
50 540
100 2787
150 6529
200 11922
250 20968
300 30369
350 39736
400 51431
450 66645
500 86167
550 111742
600 125895
650 153379
700 174586
750 207172
800 232634
850 254360
900 314150
950 325931
1000 369119
50 503
100 2517
150 5665
200 11504
250 17718
300 27059
350 37805
400 51343
450 64015
500 81029
550 101001
600 122817
650 143535
700 179023
750 191934
800 213506
850 255393
900 292410
950 333075
1000 338559
50 451
100 2472
150 5767
200 10882
250 17740
300 26279
350 34209
400 49878
450 63907
500 78108
550 101263
600 115013
650 145275
700 165537
750 184014
800 199118
850 235371
900 281925
950 313761
1000 334170
50 417
100 2146
150 5365
200 9645
250 15928
300 25291
350 35943
400 47229
450 57850
500 73138
550 91636
600 112139
650 132837
700 152452
750 173145
800 203416
850 223209
900 283538
950 297685
1000 326653
50 380
100 2050
150 5133
200 10064
250 16312
300 23069
350 32634
400 45084
450 57639
500 70975
550 93996
600 104373
650 130335
700 144901
750 160831
800 190142
850 237025
900 259956
950 293442
1000 323173
50 358
100 1771
150 4815
200 9524
250 15432
300 23557
350 32508
400 40698
450 53984
500 72336
550 83804
600 99340
650 118150
700 150584
750 158103
800 182825
850 224895
900 252624
950 272959
1000 292828
50 329
100 1716
150 4292
200 8177
250 14042
300 20884
350 28613
400 39044
450 51158
500 61898
550 82155
600 91305
650 110536
700 126791
750 141799
800 168600
850 201365
900 240908
950 252146
1000 280625
50 283
100 1571
150 4106
200 7552
250 12868
300 19540
350 26341
400 36112
450 44664
500 59042
550 74618
600 84199
650 102863
700 120309
750 132187
800 155663
850 199140
900 214532
950 234120
1000 271999
50 248
100 1418
150 3668
200 6739
250 11205
300 17363
350 24959
400 33335
450 41659
500 51415
550 67526
600 82127
650 97821
700 106781
750 129502
800 149420
850 179520
900 205841
950 226817
1000 238398
50 233
100 1290
150 3445
200 6610
250 10921
300 16681
350 23233
400 31346
450 40110
500 51792
550 64759
600 75757
650 91962
700 106011
750 117639
800 140301
850 163614
900 194188
950 206009
1000 242201
50 208
100 1247
150 3032
200 5833
250 10368
300 16056
350 21386
400 28740
450 37910
500 47949
550 58387
600 64535
650 84601
700 103031
750 111379
800 136988
850 158172
900 188277
950 196649
1000 196442
50 181
100 1033
150 2722
200 5415
250 8844
300 12963
350 19182
400 25715
450 33159
500 40178
550 51623
600 61310
650 77775
700 89962
750 100159
800 116627
850 139289
900 156693
950 183777
1000 196517
50 148
100 940
150 2507
200 4805
250 7853
300 11977
350 16856
400 23197
450 29452
500 38236
550 48964
600 53747
650 66921
700 82233
750 87231
800 109403
850 133856
900 149226
950 164120
1000 166743
50 137
100 812
150 2254
200 4335
250 7091
300 10880
350 14710
400 21463
450 26375
500 33825
550 44950
600 49903
650 63271
700 70607
750 82209
800 97034
850 118151
900 146132
950 151513
1000 161784
50 109
100 677
150 1821
200 3433
250 6050
300 9293
350 12593
400 17566
450 22650
500 29081
550 38026
600 43003
650 55820
700 63493
750 70272
800 86195
850 103742
900 117287
950 125871
1000 138404
50 68
100 469
150 1231
200 2541
250 4389
300 6470
350 9267
400 13143
450 15884
500 20984
550 25457
600 31541
650 40008
700 46735
750 51607
800 68081
850 81740
900 87659
950 95696
1000 98428
50 45
100 331
150 977
200 1939
250 3303
300 5032
350 7446
400 9607
450 13145
500 16736
550 22193
600 25482
650 31734
700 35954
750 42041
800 56366
850 65537
900 72282
950 72166
1000 78744
50 33
100 262
150 788
200 1600
250 2671
300 4130
350 6164
400 8108
450 10513
500 13926
550 18047
600 21375
650 25639
700 29809
750 35556
800 46211
850 53240
900 60614
950 65654
1000 67280
50 26
100 223
150 643
200 1328
250 2183
300 3592
350 5013
400 6821
450 9425
500 12034
550 15108
600 17839
650 22349
700 25748
750 30748
800 39960
850 46033
900 51142
950 53983
1000 56805
50 15
100 164
150 498
200 1007
250 1803
300 2661
350 3852
400 5377
450 6817
500 9390
550 11708
600 14101
650 17594
700 19432
750 24359
800 31303
850 35880
900 38643
950 41115
1000 44302
50 10
100 125
150 376
200 818
250 1423
300 2266
350 3277
400 4396
450 5731
500 7475
550 9320
600 11489
650 14661
700 16620
750 20728
800 27185
850 30133
900 32725
950 34814
1000 38307
